float a_16[16][16] = {{3.98839939447, 3.39950104838, 2.08692686646, 4.73356303879, 3.12226450441, 3.26137255406, 2.84372551516, 2.76476557308, 3.68563356521, 3.08248529077, 2.97849954283, 3.69309595836, 2.4996156429, 3.00536899983, 2.57831889877, 4.51589011152},
        {3.39950104838, 5.50451449343, 2.89919986297, 5.29838231594, 4.94769276481, 3.90407581088, 3.81014806456, 4.14514369285, 5.63440300896, 4.05510281424, 5.61308434798, 4.74838137178, 4.02981100448, 4.32300721034, 4.70669919814, 4.35429761991},
        {2.08692686646, 2.89919986297, 2.9890358042, 3.06057061327, 3.41263367269, 2.81522555545, 2.37675361404, 2.69801441034, 3.63019702557, 2.58966806061, 3.33463950523, 3.02873170919, 2.75124346007, 2.11776812136, 2.98701687269, 2.91583671457},
        {4.73356303879, 5.29838231594, 3.06057061327, 7.6785670997, 5.14487833114, 4.74469354737, 4.58875928735, 4.80933220931, 5.88935326322, 5.27013331547, 5.04955821035, 5.06023881143, 3.67772520588, 4.82912721707, 4.50994232068, 5.75200944433},
        {3.12226450441, 4.94769276481, 3.41263367269, 5.14487833114, 6.62952021411, 4.42022794441, 4.61479564598, 4.67668902035, 5.49973027611, 4.05930710603, 5.22373395267, 5.06466752702, 4.20856090679, 4.36980571156, 5.35879893749, 4.16471898245},
        {3.26137255406, 3.90407581088, 2.81522555545, 4.74469354737, 4.42022794441, 4.3270214872, 3.58320479337, 3.44152638864, 4.60482692682, 3.60620625681, 3.64338636667, 3.83194441681, 3.16063020523, 3.28919200823, 3.48062484929, 3.81285823909},
        {2.84372551516, 3.81014806456, 2.37675361404, 4.58875928735, 4.61479564598, 3.58320479337, 4.31551763214, 3.60418533751, 4.09190138883, 3.48432357878, 3.94011807297, 4.44585954637, 3.05829960019, 3.44022623652, 4.08099145448, 3.56962825221},
        {2.76476557308, 4.14514369285, 2.69801441034, 4.80933220931, 4.67668902035, 3.44152638864, 3.60418533751, 4.56751112298, 4.15868294145, 3.53330422503, 4.22734542135, 3.86014809492, 2.81195704442, 3.27336321263, 3.79386163681, 3.23504279706},
        {3.68563356521, 5.63440300896, 3.63019702557, 5.88935326322, 5.49973027611, 4.60482692682, 4.09190138883, 4.15868294145, 6.91080152602, 4.5529951636, 5.98510504393, 5.21577601593, 4.66224319761, 4.9302798888, 5.07002381296, 4.9483593569},
        {3.08248529077, 4.05510281424, 2.58966806061, 5.27013331547, 4.05930710603, 3.60620625681, 3.48432357878, 3.53330422503, 4.5529951636, 5.89232513649, 4.11851365233, 3.94106533384, 4.07502088139, 3.71492197573, 4.71153016802, 4.16910584664},
        {2.97849954283, 5.61308434798, 3.33463950523, 5.04955821035, 5.22373395267, 3.64338636667, 3.94011807297, 4.22734542135, 5.98510504393, 4.11851365233, 7.00016942577, 5.07459245675, 4.9375676927, 4.93011935312, 5.48688640297, 4.14377799715},
        {3.69309595836, 4.74838137178, 3.02873170919, 5.06023881143, 5.06466752702, 3.83194441681, 4.44585954637, 3.86014809492, 5.21577601593, 3.94106533384, 5.07459245675, 5.89653530253, 3.82733061846, 4.25010021513, 4.5589475566, 4.91984095107},
        {2.4996156429, 4.02981100448, 2.75124346007, 3.67772520588, 4.20856090679, 3.16063020523, 3.05829960019, 2.81195704442, 4.66224319761, 4.07502088139, 4.9375676927, 3.82733061846, 4.84260777968, 3.81732102581, 4.95080468082, 3.58171511546},
        {3.00536899983, 4.32300721034, 2.11776812136, 4.82912721707, 4.36980571156, 3.28919200823, 3.44022623652, 3.27336321263, 4.9302798888, 3.71492197573, 4.93011935312, 4.25010021513, 3.81732102581, 4.68684215262, 4.32111002126, 3.71178206659},
        {2.57831889877, 4.70669919814, 2.98701687269, 4.50994232068, 5.35879893749, 3.48062484929, 4.08099145448, 3.79386163681, 5.07002381296, 4.71153016802, 5.48688640297, 4.5589475566, 4.95080468082, 4.32111002126, 6.00949667738, 3.77270408365},
        {4.51589011152, 4.35429761991, 2.91583671457, 5.75200944433, 4.16471898245, 3.81285823909, 3.56962825221, 3.23504279706, 4.9483593569, 4.16910584664, 4.14377799715, 4.91984095107, 3.58171511546, 3.71178206659, 3.77270408365, 5.99145446417}
        };
float a_32[32][32] = {{13.9988069432, 9.74905442616, 8.10155268712, 10.8335407085, 8.00383998543, 8.87513359227, 8.42448296736, 9.80861446906, 10.7053089103, 9.41635471562, 9.53608646998, 8.29446613384, 7.41902916487, 8.56369903043, 7.98611043619, 10.0597724564, 8.44749459006, 8.06408889231, 9.09659804594, 7.95333822614, 8.50030339824, 8.77080687699, 7.50048376969, 9.27783702058, 9.71777133567, 10.8552590518, 9.73512793442, 7.21038397798, 10.711941406, 11.2271841216, 9.57481550837, 9.50070399993},
        {9.74905442616, 11.3390289675, 6.9141399552, 9.84816607617, 6.42089350835, 9.07902356944, 9.14288041895, 8.05407853272, 9.19054214466, 8.04230351154, 7.62369197021, 8.7608342614, 7.33831050827, 8.08154394469, 8.34748518323, 8.5968964732, 6.88783918452, 7.86231463491, 7.56566776584, 6.70760077323, 7.47470005395, 7.76781505541, 6.06269203166, 8.67003430829, 8.77958403359, 8.2401641575, 8.71016329708, 6.52870102722, 9.27416468349, 10.5660520403, 7.70012053303, 8.27555146334},
        {8.10155268712, 6.9141399552, 8.91407197227, 8.3003846917, 5.15017789464, 7.00565433742, 7.15466202565, 7.74142836286, 8.08774792373, 6.22722423205, 6.10359124343, 6.20113618414, 6.1367050569, 6.3574907764, 5.89707548859, 7.49738134778, 5.2895436764, 5.98814436305, 6.74657094427, 6.43181299869, 5.94595528999, 5.16053498161, 6.21663185298, 7.00827794578, 7.30641630666, 6.48766922975, 6.83026937255, 5.88631909934, 7.3067370211, 9.01038484499, 7.13830069144, 7.78709733575},
        {10.8335407085, 9.84816607617, 8.3003846917, 12.6899397735, 6.86615754206, 8.89666771309, 8.8148015829, 9.62552796782, 10.300799066, 8.91864882824, 7.54830071857, 9.03819130876, 8.21920315157, 9.30861528059, 7.83317466478, 10.5880413269, 8.00104543182, 8.24397810068, 9.17468887232, 7.39870022914, 7.41254934378, 7.50208230242, 6.69031111804, 8.68331657166, 9.29160023946, 9.38200450039, 10.2618893741, 7.56298387992, 9.98713805592, 11.1929401847, 9.75375195621, 9.77849340462},
        {8.00383998543, 6.42089350835, 5.15017789464, 6.86615754206, 6.77539684692, 6.53225967109, 5.73975534537, 6.11677364625, 7.32065994367, 5.80331318504, 6.17715175281, 5.93719567933, 4.94819233512, 5.2684470357, 5.84136384787, 6.74858630452, 6.01181850343, 5.28828608322, 5.98031384531, 6.08869550967, 5.77830171334, 5.62317954901, 5.78588528006, 6.39921258893, 6.85849769053, 7.46393665682, 7.01418944287, 4.73357383393, 7.26435037314, 7.32404010843, 6.28741165939, 6.59092668555},
        {8.87513359227, 9.07902356944, 7.00565433742, 8.89666771309, 6.53225967109, 10.3896008791, 8.1106225708, 8.20132572962, 9.18211176505, 6.95844245637, 6.33859755497, 7.25195502813, 6.26742195628, 7.2059736762, 7.15035274103, 7.70485293457, 7.20671667444, 6.94384189315, 7.20732999973, 7.01431431112, 7.45320305504, 7.4236244569, 6.66425553678, 8.27961407367, 8.99966125016, 8.02392069727, 8.77899251142, 6.75146840057, 8.32950772054, 9.78644828539, 7.20498577422, 8.8447719149},
        {8.42448296736, 9.14288041895, 7.15466202565, 8.8148015829, 5.73975534537, 8.1106225708, 10.8345732843, 7.78099381374, 7.98966916927, 7.24205278249, 6.48223007145, 7.51218757543, 6.7579420273, 6.98720666537, 7.52349794603, 7.37564912269, 6.76893579303, 7.09881247981, 7.48200388114, 6.13352022377, 7.73417694731, 7.37829847254, 6.19760624364, 8.40948262792, 8.44236848642, 7.63253281261, 8.05203733998, 6.95978556806, 8.53796907536, 10.0295911203, 6.83289729541, 7.89162949935},
        {9.80861446906, 8.05407853272, 7.74142836286, 9.62552796782, 6.11677364625, 8.20132572962, 7.78099381374, 11.129648709, 9.58359532905, 7.43953217131, 7.37556450881, 6.31301393423, 6.66181986222, 7.59872321951, 7.89117829831, 8.4795584332, 6.96620363665, 6.1756301719, 7.39095036018, 6.90510649745, 6.62929863815, 6.81484452699, 7.07451437198, 8.50881618412, 7.88571727421, 8.40940928585, 9.21544768195, 6.98193608505, 8.49430526808, 10.1810024896, 8.5918995003, 8.54791657224},
        {10.7053089103, 9.19054214466, 8.08774792373, 10.300799066, 7.32065994367, 9.18211176505, 7.98966916927, 9.58359532905, 12.3914257158, 8.4175712048, 8.12553899092, 7.81939609676, 7.74518349464, 8.60766382862, 8.87009417257, 9.94130681044, 7.71503109157, 6.90801553312, 8.32427643911, 8.4182833456, 7.23132247378, 8.12532238897, 8.2125267688, 8.74045082933, 10.091842756, 9.74534683854, 9.79873077402, 7.19630888743, 10.2212454595, 11.0058155754, 9.59078688857, 9.20088813933},
        {9.41635471562, 8.04230351154, 6.22722423205, 8.91864882824, 5.80331318504, 6.95844245637, 7.24205278249, 7.43953217131, 8.4175712048, 9.55772112301, 7.45133294841, 7.44041047039, 6.10578899142, 7.36241813828, 6.6949828744, 8.18506360273, 7.23856486443, 6.87393913577, 7.38627353348, 5.91982446068, 6.67896079282, 7.03666380024, 5.98535836952, 7.03481490314, 7.44279917712, 8.93823208829, 8.45366630695, 6.67286951191, 8.80497459191, 9.6213105391, 8.46962125333, 7.39602558971},
        {9.53608646998, 7.62369197021, 6.10359124343, 7.54830071857, 6.17715175281, 6.33859755497, 6.48223007145, 7.37556450881, 8.12553899092, 7.45133294841, 9.52595778061, 6.52674907795, 6.3916220425, 7.05396039568, 6.84901269562, 7.13686483762, 6.20947983599, 5.92177944803, 6.3807382648, 6.85012263812, 7.33706158313, 6.17426930159, 5.90393421202, 7.41626032466, 7.28637749626, 8.17525496027, 7.58795027658, 5.98304241097, 8.25446345322, 8.85153268953, 7.60483002494, 7.08649232412},
        {8.29446613384, 8.7608342614, 6.20113618414, 9.03819130876, 5.93719567933, 7.25195502813, 7.51218757543, 6.31301393423, 7.81939609676, 7.44041047039, 6.52674907795, 9.62120303327, 7.05636669341, 6.93292927861, 6.96076034742, 8.10254535393, 6.1807999611, 6.25232852555, 7.05732415493, 5.74549551696, 5.69665573872, 6.75890010269, 5.09834439512, 6.80835969577, 7.98795571551, 7.30920035846, 8.24695858433, 6.04166994896, 8.62859456081, 9.49578965333, 7.23793993059, 7.58950104547},
        {7.41902916487, 7.33831050827, 6.1367050569, 8.21920315157, 4.94819233512, 6.26742195628, 6.7579420273, 6.66181986222, 7.74518349464, 6.10578899142, 6.3916220425, 7.05636669341, 7.4132300667, 7.0621008899, 6.61195005025, 7.54568532856, 5.45270750753, 5.44220793465, 6.36882716764, 5.98206975481, 5.65979529406, 6.21508320114, 5.07314763996, 6.74614997743, 7.30177369561, 6.88999614171, 7.26463261522, 5.76713012854, 7.8900771425, 8.51417183888, 6.90627291757, 6.64442810094},
        {8.56369903043, 8.08154394469, 6.3574907764, 9.30861528059, 5.2684470357, 7.2059736762, 6.98720666537, 7.59872321951, 8.60766382862, 7.36241813828, 7.05396039568, 6.93292927861, 7.0621008899, 9.10422309184, 6.86952078052, 8.60591448041, 5.9231822469, 6.2669651229, 7.45379292292, 6.69597693881, 7.00941090316, 6.52688073822, 5.78203190581, 7.02754497141, 8.24923259183, 7.53818595195, 8.08833519799, 6.23413907637, 8.34508885474, 9.03274556155, 8.00886916053, 7.54919709666},
        {7.98611043619, 8.34748518323, 5.89707548859, 7.83317466478, 5.84136384787, 7.15035274103, 7.52349794603, 7.89117829831, 8.87009417257, 6.6949828744, 6.84901269562, 6.96076034742, 6.61195005025, 6.86952078052, 10.1210508833, 8.00649168, 6.25693874743, 6.00514771001, 6.92833623946, 6.35750194207, 6.62014017148, 6.65932424544, 6.33907461103, 7.77119886168, 7.81173088941, 8.39391898553, 7.35636759542, 5.69843042081, 7.5091127859, 9.12432419915, 7.83015819564, 7.12426375082},
        {10.0597724564, 8.5968964732, 7.49738134778, 10.5880413269, 6.74858630452, 7.70485293457, 7.37564912269, 8.4795584332, 9.94130681044, 8.18506360273, 7.13686483762, 8.10254535393, 7.54568532856, 8.60591448041, 8.00649168, 11.9452533327, 7.42547364575, 7.44138155318, 8.4541390085, 7.33429001318, 6.5498835461, 6.78596499049, 6.8505264575, 7.65389325514, 8.72271246808, 8.32924331902, 9.64550215004, 6.76015131651, 9.377871073, 10.295979282, 8.90951685878, 7.4996941304},
        {8.44749459006, 6.88783918452, 5.2895436764, 8.00104543182, 6.01181850343, 7.20671667444, 6.76893579303, 6.96620363665, 7.71503109157, 7.23856486443, 6.20947983599, 6.1807999611, 5.45270750753, 5.9231822469, 6.25693874743, 7.42547364575, 8.27599245089, 6.043507748, 7.61430523457, 5.44701508909, 6.03106497089, 6.84477392823, 5.37075189268, 6.64094745142, 7.44828738458, 8.32256179554, 7.57954908218, 6.14547018641, 7.59351574147, 8.45736973859, 7.27262489084, 7.4793579732},
        {8.06408889231, 7.86231463491, 5.98814436305, 8.24397810068, 5.28828608322, 6.94384189315, 7.09881247981, 6.1756301719, 6.90801553312, 6.87393913577, 5.92177944803, 6.25232852555, 5.44220793465, 6.2669651229, 6.00514771001, 7.44138155318, 6.043507748, 8.45617666115, 6.7335885562, 5.13250848232, 5.85306244324, 5.86600489286, 5.0941915576, 7.41590602399, 6.17636490735, 7.52090962525, 6.8406606776, 5.21814655857, 7.3297792209, 7.63460141281, 6.69352262654, 6.67655964863},
        {9.09659804594, 7.56566776584, 6.74657094427, 9.17468887232, 5.98031384531, 7.20732999973, 7.48200388114, 7.39095036018, 8.32427643911, 7.38627353348, 6.3807382648, 7.05732415493, 6.36882716764, 7.45379292292, 6.92833623946, 8.4541390085, 7.61430523457, 6.7335885562, 9.7758543893, 5.97530038967, 6.13977321922, 7.50008240396, 5.64586671221, 7.51738226144, 8.34602441394, 8.31199003528, 8.04377132793, 6.03672751471, 8.30560175821, 9.30979798679, 8.50978222244, 8.66755692658},
        {7.95333822614, 6.70760077323, 6.43181299869, 7.39870022914, 6.08869550967, 7.01431431112, 6.13352022377, 6.90510649745, 8.4182833456, 5.91982446068, 6.85012263812, 5.74549551696, 5.98206975481, 6.69597693881, 6.35750194207, 7.33429001318, 5.44701508909, 5.13250848232, 5.97530038967, 7.70756308967, 6.93897938252, 5.61072431055, 5.8740855188, 6.86438507195, 8.17971150462, 7.52081001139, 7.56175648396, 5.27589011253, 7.71941296513, 9.04183952845, 6.58825807459, 7.20967712476},
        {8.50030339824, 7.47470005395, 5.94595528999, 7.41254934378, 5.77830171334, 7.45320305504, 7.73417694731, 6.62929863815, 7.23132247378, 6.67896079282, 7.33706158313, 5.69665573872, 5.65979529406, 7.00941090316, 6.62014017148, 6.5498835461, 6.03106497089, 5.85306244324, 6.13977321922, 6.93897938252, 9.73190342896, 5.47883297428, 5.47269783052, 6.76713743727, 8.38535042616, 7.63628950875, 7.25780756752, 6.14668993362, 7.67917126171, 8.74291303439, 6.49117449381, 7.33857103006},
        {8.77080687699, 7.76781505541, 5.16053498161, 7.50208230242, 5.62317954901, 7.4236244569, 7.37829847254, 6.81484452699, 8.12532238897, 7.03666380024, 6.17426930159, 6.75890010269, 6.21508320114, 6.52688073822, 6.65932424544, 6.78596499049, 6.84477392823, 5.86600489286, 7.50008240396, 5.61072431055, 5.47883297428, 8.90380407108, 5.4872736747, 7.52816414828, 7.91213973941, 8.69619192565, 7.71770712591, 5.55600050336, 8.39795343231, 8.60617553907, 6.48186036286, 7.51897067865},
        {7.50048376969, 6.06269203166, 6.21663185298, 6.69031111804, 5.78588528006, 6.66425553678, 6.19760624364, 7.07451437198, 8.2125267688, 5.98535836952, 5.90393421202, 5.09834439512, 5.07314763996, 5.78203190581, 6.33907461103, 6.8505264575, 5.37075189268, 5.0941915576, 5.64586671221, 5.8740855188, 5.47269783052, 5.4872736747, 7.43946432794, 6.84221562012, 6.84324654094, 6.73784261558, 6.88483410166, 5.38460633546, 7.41277623449, 7.42127839126, 6.74180221368, 6.16257124808},
        {9.27783702058, 8.67003430829, 7.00827794578, 8.68331657166, 6.39921258893, 8.27961407367, 8.40948262792, 8.50881618412, 8.74045082933, 7.03481490314, 7.41626032466, 6.80835969577, 6.74614997743, 7.02754497141, 7.77119886168, 7.65389325514, 6.64094745142, 7.41590602399, 7.51738226144, 6.86438507195, 6.76713743727, 7.52816414828, 6.84221562012, 10.2090342913, 8.02995145052, 8.71717878573, 8.11928278947, 5.89014174664, 8.77334760497, 9.82340104547, 7.76976101691, 8.15472659445},
        {9.71777133567, 8.77958403359, 7.30641630666, 9.29160023946, 6.85849769053, 8.99966125016, 8.44236848642, 7.88571727421, 10.091842756, 7.44279917712, 7.28637749626, 7.98795571551, 7.30177369561, 8.24923259183, 7.81173088941, 8.72271246808, 7.44828738458, 6.17636490735, 8.34602441394, 8.17971150462, 8.38535042616, 7.91213973941, 6.84324654094, 8.02995145052, 11.6737358705, 9.05820054285, 8.94063559256, 6.86451538629, 9.88137692624, 11.4321189209, 7.78270453748, 9.44943811307},
        {10.8552590518, 8.2401641575, 6.48766922975, 9.38200450039, 7.46393665682, 8.02392069727, 7.63253281261, 8.40940928585, 9.74534683854, 8.93823208829, 8.17525496027, 7.30920035846, 6.88999614171, 7.53818595195, 8.39391898553, 8.32924331902, 8.32256179554, 7.52090962525, 8.31199003528, 7.52081001139, 7.63628950875, 8.69619192565, 6.73784261558, 8.71717878573, 9.05820054285, 11.8976429629, 8.60671906925, 6.38551300063, 9.73177072325, 10.3690369466, 8.87159601854, 9.08795045755},
        {9.73512793442, 8.71016329708, 6.83026937255, 10.2618893741, 7.01418944287, 8.77899251142, 8.05203733998, 9.21544768195, 9.79873077402, 8.45366630695, 7.58795027658, 8.24695858433, 7.26463261522, 8.08833519799, 7.35636759542, 9.64550215004, 7.57954908218, 6.8406606776, 8.04377132793, 7.56175648396, 7.25780756752, 7.71770712591, 6.88483410166, 8.11928278947, 8.94063559256, 8.60671906925, 12.0510195297, 6.98516010236, 10.0747843883, 11.1193763068, 8.92502826168, 8.75825424603},
        {7.21038397798, 6.52870102722, 5.88631909934, 7.56298387992, 4.73357383393, 6.75146840057, 6.95978556806, 6.98193608505, 7.19630888743, 6.67286951191, 5.98304241097, 6.04166994896, 5.76713012854, 6.23413907637, 5.69843042081, 6.76015131651, 6.14547018641, 5.21814655857, 6.03672751471, 5.27589011253, 6.14668993362, 5.55600050336, 5.38460633546, 5.89014174664, 6.86451538629, 6.38551300063, 6.98516010236, 7.20804840297, 7.56262301655, 8.17833197546, 6.31245887855, 6.66121375468},
        {10.711941406, 9.27416468349, 7.3067370211, 9.98713805592, 7.26435037314, 8.32950772054, 8.53796907536, 8.49430526808, 10.2212454595, 8.80497459191, 8.25446345322, 8.62859456081, 7.8900771425, 8.34508885474, 7.5091127859, 9.377871073, 7.59351574147, 7.3297792209, 8.30560175821, 7.71941296513, 7.67917126171, 8.39795343231, 7.41277623449, 8.77334760497, 9.88137692624, 9.73177072325, 10.0747843883, 7.56262301655, 12.2760525556, 11.7747439609, 8.78288654763, 8.92361332822},
        {11.2271841216, 10.5660520403, 9.01038484499, 11.1929401847, 7.32404010843, 9.78644828539, 10.0295911203, 10.1810024896, 11.0058155754, 9.6213105391, 8.85153268953, 9.49578965333, 8.51417183888, 9.03274556155, 9.12432419915, 10.295979282, 8.45736973859, 7.63460141281, 9.30979798679, 9.04183952845, 8.74291303439, 8.60617553907, 7.42127839126, 9.82340104547, 11.4321189209, 10.3690369466, 11.1193763068, 8.17833197546, 11.7747439609, 15.1907158376, 9.89027082829, 9.99169757742},
        {9.57481550837, 7.70012053303, 7.13830069144, 9.75375195621, 6.28741165939, 7.20498577422, 6.83289729541, 8.5918995003, 9.59078688857, 8.46962125333, 7.60483002494, 7.23793993059, 6.90627291757, 8.00886916053, 7.83015819564, 8.90951685878, 7.27262489084, 6.69352262654, 8.50978222244, 6.58825807459, 6.49117449381, 6.48186036286, 6.74180221368, 7.76976101691, 7.78270453748, 8.87159601854, 8.92502826168, 6.31245887855, 8.78288654763, 9.89027082829, 10.6600384526, 8.41603463332},
        {9.50070399993, 8.27555146334, 7.78709733575, 9.77849340462, 6.59092668555, 8.8447719149, 7.89162949935, 8.54791657224, 9.20088813933, 7.39602558971, 7.08649232412, 7.58950104547, 6.64442810094, 7.54919709666, 7.12426375082, 7.4996941304, 7.4793579732, 6.67655964863, 8.66755692658, 7.20967712476, 7.33857103006, 7.51897067865, 6.16257124808, 8.15472659445, 9.44943811307, 9.08795045755, 8.75825424603, 6.66121375468, 8.92361332822, 9.99169757742, 8.41603463332, 10.9797150022}
        };
float a_96[96][96] =  {{31.7225842987, 23.7101322277, 24.6558742366, 21.9516600821, 24.8930652496, 25.1011664753, 25.9866123818, 24.7982696263, 24.0430594772, 21.5603109462, 25.6367193793, 23.7278446221, 27.4879674201, 24.3606828024, 24.5564645203, 22.1219252838, 24.9167769474, 22.9827220116, 24.0131502366, 24.275244568, 23.8255276685, 24.3855038493, 24.4394587567, 26.6743208574, 24.6444081624, 21.1710413963, 21.8522861189, 24.4005955624, 26.0297415212, 24.9144885183, 23.0713676343, 26.0409772212, 23.1609546214, 22.0995488425, 25.9784371345, 26.1677853669, 27.2396787331, 24.6917552791, 23.340804429, 25.3326198615, 25.1896970623, 23.2133169486, 22.7730356168, 25.4008776671, 23.3214111334, 23.3120015049, 22.4570917868, 23.922606451, 21.9077442334, 21.5996563098, 26.6083588666, 22.7291517281, 24.5940276383, 24.0783693725, 24.6909465376, 25.2918574977, 24.4853988498, 26.3577328738, 24.5265742906, 25.6213244514, 24.5059622933, 24.2717936661, 22.2826067261, 24.7608978253, 26.9567865678, 25.1662928925, 22.9196256583, 24.2451837905, 24.4929741641, 24.4203847183, 26.6458242805, 26.307928453, 27.1435584908, 22.8431128304, 23.6665200012, 26.1373963397, 26.2513036849, 22.8812490248, 24.3055184704, 23.0827393306, 24.4319907283, 26.7578372462, 24.0358858696, 25.8786571874, 24.0200578675, 26.6175295705, 25.7538933537, 27.3231931789, 25.9865482136, 24.101197752, 24.2100757837, 24.4156622424, 26.9352027014, 23.7802359577, 24.5589826618, 26.5132328004},
        {23.7101322277, 31.5726863126, 24.7496455513, 21.1612871384, 24.0842594626, 23.532476368, 25.3023832343, 23.7054736222, 22.4339944632, 20.4440644192, 25.236934343, 25.3101065807, 26.0516217102, 24.0324141426, 23.8709377466, 21.0452726057, 22.1563010343, 24.2055453153, 20.9249317733, 21.9251817341, 23.1245573474, 24.3674528437, 22.2366635557, 26.4920764676, 24.2463494284, 22.8797155846, 22.6235033739, 22.7461754462, 24.3645546899, 24.9342132556, 21.2240580949, 23.7947170166, 22.7788126433, 22.8392193978, 23.9449327162, 23.8636941557, 25.5424804959, 22.4645984119, 23.3835723793, 23.1828426806, 23.675375815, 21.2179049452, 21.5206951679, 22.6657011461, 22.3012191416, 23.8766903572, 22.7963308348, 23.3696649204, 22.5864652121, 21.7805794682, 25.6683196991, 21.8577847787, 23.799106783, 23.4186883217, 23.2586827689, 21.9141986439, 23.6613150724, 26.3318532617, 24.4039584421, 23.0380030941, 23.1528941953, 23.7674047641, 23.4566120788, 23.6317480135, 24.29058693, 23.6415210666, 22.2140160949, 24.274254154, 21.2255212174, 22.455255251, 24.9451861781, 24.374069236, 24.2240827793, 22.3226412149, 22.4879304061, 25.3265841337, 24.2631840682, 21.37066134, 24.1667839682, 22.8842916865, 23.4247011241, 26.5763855138, 22.6205038439, 23.9880199966, 23.376724212, 25.967112293, 23.4986919627, 24.9363645666, 25.2684490177, 23.2575975216, 22.0881857649, 22.6581287703, 25.303049889, 22.5017313469, 23.9120032881, 23.9386436055},
        {24.6558742366, 24.7496455513, 33.0203590363, 22.1881125865, 25.8920950285, 24.0126524377, 26.3887712472, 25.2963352542, 23.9937336714, 22.2692133308, 26.8135947385, 25.3857696793, 27.7224160619, 26.5456533469, 26.2493827184, 23.026369496, 24.2556667789, 23.5698260942, 23.9119489887, 25.0880040917, 23.6353266789, 24.8097496384, 25.296312387, 28.6074164092, 25.8713495809, 23.1583154427, 24.9472281247, 24.3599122196, 28.5705840289, 25.8816516101, 25.0460823195, 26.2948384439, 24.6873559697, 23.4689648528, 24.5590451507, 26.7724580247, 26.4046663094, 26.1683952177, 26.2531098663, 24.6789252481, 24.4186561862, 24.057624143, 24.1431677762, 24.8973433509, 22.7268693599, 24.0346588053, 24.4251602482, 24.8884873511, 23.5724888583, 23.3562765871, 26.7871153742, 22.7601396011, 27.4942185512, 23.1424245649, 25.6669905953, 24.5483959627, 23.7977999127, 26.8619847995, 26.1920634207, 25.3500576043, 24.6438494493, 24.6351225095, 23.9655795573, 25.2185262349, 26.0914842423, 24.8722103508, 23.6478200604, 25.3320554312, 22.9492626979, 24.2818099975, 26.8497094779, 26.0716520316, 27.0499621611, 24.4233772356, 23.9174870682, 26.1830101507, 26.2152228469, 23.4749885223, 23.7068692253, 23.953545325, 25.1827201895, 26.2892211058, 25.9849214931, 25.0350005052, 25.5333283522, 28.3542388731, 23.1408381692, 25.7410049089, 25.4552316382, 23.31977057, 22.6729347106, 23.5266578335, 27.4396711581, 25.168109411, 24.8713130097, 26.7578636904},
        {21.9516600821, 21.1612871384, 22.1881125865, 27.5406574527, 22.7861960371, 22.8358745722, 23.9678666928, 22.2319142057, 22.6659333044, 20.4085472513, 24.2963292843, 21.5863635888, 25.5131264665, 21.1366389233, 22.1061376775, 18.589082049, 22.1394377322, 22.1004790653, 20.7096357403, 22.4192510526, 20.8365136412, 23.126294349, 23.9272307582, 23.4632140802, 22.196921199, 20.469050878, 20.0527384516, 23.0220183905, 24.3171258104, 22.4033129887, 19.3831827549, 21.8431054852, 20.9380263348, 21.9450470308, 22.946132239, 23.0994935343, 22.1031853778, 22.099060634, 22.8940836679, 23.3585936182, 20.5891988488, 20.9554619518, 19.0584241196, 22.6527249117, 22.0406971855, 21.6720883028, 20.6858891406, 22.2870850822, 20.4799824059, 21.4243414742, 24.8997319921, 21.2638110298, 23.4181166949, 21.925868272, 21.7863143407, 22.1132001167, 20.9628037877, 22.6016095973, 22.4900685332, 22.8587296067, 22.237523803, 21.8820705131, 20.476546432, 22.517039589, 22.8146394429, 22.4261386255, 21.1858336316, 21.7265143965, 21.4365978818, 20.9982357621, 22.3989137021, 23.9395933097, 22.5256742983, 18.965196402, 18.9451679029, 23.9635956686, 22.871205807, 21.1700509242, 22.0772755388, 21.2233826263, 21.4850493375, 23.9069780477, 20.3509636352, 22.3579426521, 21.309573785, 24.5265927182, 23.3843016111, 21.737133747, 22.9223486575, 21.1371256586, 20.8681209621, 19.9539940349, 21.2653643688, 22.0312530251, 21.6976135084, 22.823891452},
        {24.8930652496, 24.0842594626, 25.8920950285, 22.7861960371, 31.1389266185, 24.132119531, 25.6206785441, 24.6722020278, 23.8804603107, 22.1515295926, 26.3696346313, 22.9825089697, 28.2541056148, 24.9465250647, 23.3593186626, 23.3024811114, 25.4158089186, 23.7717105351, 23.9748112407, 24.1254726679, 21.7359968019, 24.6122783647, 24.5666132608, 26.6273054718, 24.7146767659, 23.2128337601, 23.7677200986, 22.4358512725, 26.6744331241, 24.5604859398, 23.6903048844, 24.3665307821, 22.4567075446, 21.6796973133, 24.4674008486, 24.5291128048, 24.7465842093, 24.9212779196, 25.6132174856, 24.3316779771, 25.3338139203, 23.6370477789, 24.3779557666, 25.18201559, 23.2176898001, 24.3572986222, 25.4245561805, 23.2851606276, 22.7071518281, 21.5917476031, 25.7119247027, 21.9270053036, 25.4833605752, 25.2605799798, 23.588996841, 23.5951423325, 23.175749182, 25.6532169012, 24.429343458, 24.8322338897, 24.3612930584, 24.3469122939, 24.0795323505, 24.9701929517, 26.7476038378, 25.2373485135, 22.8903108762, 24.2944064791, 23.4102883022, 23.6844548748, 26.1911801963, 24.4510764811, 24.4499570851, 22.5580916688, 21.8824048804, 24.9882948496, 26.6522295507, 22.7569257295, 23.5531539773, 23.841826831, 23.385091117, 26.375036534, 23.449952223, 23.8785115866, 23.6850439713, 27.4542061555, 24.4545715496, 25.5937704492, 24.6833043141, 22.8740249911, 22.9804847392, 22.9430993952, 24.3724205499, 23.696166708, 25.0197904506, 26.1280907333},
        {25.1011664753, 23.532476368, 24.0126524377, 22.8358745722, 24.132119531, 32.7503532912, 25.9713622429, 24.5904492222, 23.8482718717, 22.0195862674, 25.8399887612, 23.8850393605, 28.4588871025, 25.9891786184, 23.5537621752, 23.0049261221, 24.3923412696, 23.5757283224, 23.8575395888, 22.7423441521, 23.7276800815, 25.3585883329, 24.48362307, 26.7067026965, 24.5761348877, 23.0177233055, 23.2180733884, 23.851177004, 25.4793980261, 24.0009054255, 21.9641955066, 22.8423285726, 23.9986499334, 23.0636467216, 24.1968612663, 25.0814427343, 23.3889424387, 24.7309343173, 24.8150677186, 24.0981963865, 24.7282638588, 22.6291948203, 24.2358537177, 25.75009706, 23.7747268085, 23.1220771177, 24.3297437708, 23.6271950782, 22.4564313681, 23.1556582754, 26.1927798602, 21.7806723844, 24.13096636, 23.733414751, 24.4770943096, 23.6094477963, 24.6146634438, 25.4094251939, 23.055998847, 25.3007168353, 24.2668437038, 25.2456309868, 22.9226816548, 22.6975916231, 25.3968697191, 22.8824361214, 22.3456824302, 23.4134209519, 23.8996842949, 24.5122324537, 26.2614130223, 25.8667797424, 25.1557540495, 22.8536615707, 21.1465606143, 27.2879373418, 24.5936335117, 22.5941077169, 24.1752532893, 23.8865234941, 23.0002118182, 25.371130358, 22.4023001802, 24.8043162701, 22.4386045491, 26.3398927397, 23.7060633338, 25.7355953433, 26.1318066548, 23.1852058396, 22.0167487602, 22.3200918424, 25.9173595432, 23.206862514, 24.3763570206, 23.8564171985},
        {25.9866123818, 25.3023832343, 26.3887712472, 23.9678666928, 25.6206785441, 25.9713622429, 35.8730843352, 26.5920235848, 23.4039708542, 23.0202271836, 30.0539864728, 24.9420259332, 29.3833796974, 26.4276910285, 25.7467993965, 21.9491304825, 24.4902597746, 25.4761071038, 23.2590983176, 24.5631758723, 24.3041692006, 24.5435892568, 26.0957634719, 28.7428556203, 25.406566905, 25.0563634384, 23.6121055097, 25.2259991854, 27.9233638523, 25.7287593085, 23.4219329022, 26.1545053897, 25.8879962167, 22.9274246709, 26.1810774109, 27.2216565364, 27.0684187721, 26.6415285746, 25.4577735947, 26.4185281606, 25.5970934117, 23.699761525, 23.8609242123, 25.6215834686, 24.4910749396, 24.1732417878, 26.3883616523, 25.5037376968, 24.7856029247, 25.4754194808, 29.0992994837, 25.4704266454, 25.3971316852, 24.166952449, 25.4220741625, 24.717606486, 24.5044064059, 29.2826478052, 26.0745758153, 25.6863645765, 24.0221435286, 26.1585400061, 24.737856459, 24.9366633019, 27.9602669156, 26.0536094429, 24.7028928816, 24.5631736315, 24.7531491411, 26.6856426622, 27.3415323014, 27.7306237934, 25.0250738217, 23.8562702837, 23.3930132429, 28.3190529608, 25.8325128003, 23.1358632442, 26.1697489374, 26.3599243396, 25.067016607, 26.0720946676, 26.2836383924, 24.9701424513, 24.8571533547, 28.8154990587, 24.301065686, 26.2024696823, 26.5577729229, 25.972762145, 24.1699979193, 24.4515645587, 26.6513346032, 25.4120381128, 25.4054121138, 27.4874125283},
        {24.7982696263, 23.7054736222, 25.2963352542, 22.2319142057, 24.6722020278, 24.5904492222, 26.5920235848, 33.429169491, 24.762083112, 21.0849855419, 26.4995244747, 24.8650052392, 26.5335544659, 22.696617546, 25.8353211236, 22.4609395442, 24.9654759512, 24.4741633146, 23.442072745, 22.9106118883, 23.1986233596, 24.7991417795, 25.7983303982, 25.9752712322, 24.6532289347, 23.599012309, 21.2599648491, 25.078421643, 26.939778375, 22.5981203769, 22.4098803529, 25.499078846, 23.729620036, 22.3444459203, 25.6525639051, 24.9973038873, 26.4454652762, 25.1035805211, 25.1960151318, 25.5572375029, 25.8890673143, 22.2436939781, 22.6110317255, 25.1872874003, 23.6893969357, 22.5855819682, 25.3074913783, 22.6070189977, 20.955345393, 22.2647617693, 27.5851207778, 22.5022971303, 25.23292181, 23.5306535286, 23.2117664128, 23.5747742821, 23.8767686747, 26.2928300512, 24.3435714503, 25.51122601, 24.1826622094, 24.2922525509, 23.661658775, 24.925050656, 25.8599401284, 25.0486247523, 23.0926240224, 24.7151655617, 22.2316158278, 23.9233151114, 24.6005380087, 27.5281703973, 25.0170328082, 21.8672467257, 23.2894313106, 27.0978790719, 24.4494244984, 23.3362659682, 23.7152761423, 24.5401219005, 23.0930608295, 26.8070464223, 24.6349137191, 25.3634024802, 25.0612068215, 27.3831737146, 24.1971444567, 26.6234781503, 25.7929815918, 24.7694633106, 24.024316281, 22.1024987902, 25.2701274329, 24.5141774327, 23.4452547657, 26.1517309597},
        {24.0430594772, 22.4339944632, 23.9937336714, 22.6659333044, 23.8804603107, 23.8482718717, 23.4039708542, 24.762083112, 30.570270233, 20.1501244073, 25.422440214, 23.4061160009, 25.6110832495, 23.3525152242, 23.7287792036, 21.7538223302, 24.5179660271, 22.2932969837, 22.9792458016, 24.0245164439, 21.2479235744, 23.8376882918, 26.2091743201, 26.327088441, 22.6963536295, 22.8886735893, 21.8877790083, 24.2630270552, 29.28942425, 24.4553716387, 21.2978829657, 24.8303611465, 23.9113459832, 23.107584693, 25.3091099948, 23.9758406415, 25.4603164001, 22.6161225995, 24.3589202646, 23.2525566261, 23.4384230944, 23.5587547762, 22.7372283562, 26.042142364, 22.1614601485, 23.0156541256, 24.1012569284, 23.3932730184, 21.9391806023, 20.7570169647, 26.8078527009, 20.6688499482, 24.1784655807, 22.7936630659, 23.6924724315, 23.8626168244, 24.85986649, 25.6342608519, 24.9117740476, 23.3163995157, 23.2095482985, 23.534326677, 21.647766665, 23.1769958964, 25.1686137304, 24.0172129033, 20.7687650649, 22.6521739262, 22.9832583317, 24.4492217591, 25.3248494177, 24.4227101705, 25.6032980809, 22.0893648, 20.3036901226, 26.1165380312, 23.999922694, 21.0473040223, 23.7837432216, 24.2979663928, 23.6856333631, 25.1752296882, 22.4470758437, 25.7095553483, 22.6418990711, 27.2560675455, 22.8480554912, 25.8778463884, 23.761929515, 23.3394110563, 22.2388796909, 22.4240637911, 24.3582568843, 24.2418742881, 25.0241338373, 26.5063659976},
        {21.5603109462, 20.4440644192, 22.2692133308, 20.4085472513, 22.1515295926, 22.0195862674, 23.0202271836, 21.0849855419, 20.1501244073, 26.9877035511, 23.8137114072, 20.6835437222, 25.4037795979, 21.2853702278, 21.0644696805, 19.4711273834, 21.4131813332, 20.3434353539, 21.5683200602, 22.1612471114, 20.1696142321, 21.0263289728, 21.289406251, 24.6288262252, 22.1345676177, 20.397609293, 19.7292969015, 20.1641679261, 22.9278053944, 21.9503292463, 20.117923637, 20.3721434591, 20.1756669093, 21.1833680415, 23.0639980957, 21.8945314985, 23.3710270873, 22.3499843576, 22.8814215633, 20.5365939775, 21.5990484362, 21.0614687706, 21.2880300498, 22.2190411737, 21.3320415043, 21.1035964181, 20.9000983785, 21.239386381, 20.2778132448, 20.7376460556, 23.9112064528, 19.7724501532, 21.6535832623, 19.8974608668, 21.8719433707, 21.0766261406, 21.5808621344, 23.7660236559, 21.8599673811, 21.9581131866, 22.3987136151, 22.6834503768, 21.5701189388, 20.5194568567, 24.1698817698, 21.9193071499, 20.3559691152, 21.463731837, 20.5989291381, 20.9868646213, 22.7688054006, 22.4440488633, 23.88633156, 19.2109710133, 18.7722617177, 23.5064703821, 23.2123745477, 19.6134930871, 21.3787625272, 21.1249669874, 21.0742449641, 23.1511307149, 20.4594314551, 20.9426412895, 20.9408826647, 23.9432496766, 21.624193989, 23.3448038309, 22.6006004295, 19.517404218, 19.7356690915, 18.6228753373, 22.7884894253, 21.4126739468, 20.7418993493, 22.8524863746},
        {25.6367193793, 25.236934343, 26.8135947385, 24.2963292843, 26.3696346313, 25.8399887612, 30.0539864728, 26.4995244747, 25.422440214, 23.8137114072, 36.9727950843, 25.2358054112, 29.1453500094, 26.893247894, 25.8864908545, 24.0718020057, 25.3204539807, 25.974761996, 25.1240659228, 25.9703384499, 25.0031052231, 24.7281093013, 27.7289395987, 29.2421584306, 25.9446229868, 24.3528551323, 24.7312729862, 25.4291017024, 30.5409335698, 27.3507904845, 22.7142881048, 25.7813829684, 26.4089859729, 24.2187556751, 25.7661813116, 29.0345931449, 27.3506752972, 28.3011732951, 27.0525303537, 27.7171461733, 24.5754923466, 25.0005381864, 23.7092267598, 27.3655874637, 25.7462853545, 24.9713371553, 27.1396306463, 25.1912266353, 24.4248350388, 25.8618979353, 29.2917200605, 25.0180741962, 25.1035576147, 25.662618137, 25.324037975, 24.0072262491, 25.9115723688, 29.1605817836, 25.5776151265, 26.4299970711, 25.5117138768, 26.5348977874, 25.8626451166, 26.1513377338, 28.3166353945, 25.7288356558, 24.4907375285, 24.3444529366, 24.8108710488, 25.3868986474, 25.7991515286, 27.9215641791, 26.057940224, 23.1147280293, 23.390649951, 29.4401869941, 26.7085507223, 24.0326906425, 27.3462656355, 25.7448067919, 26.0512860251, 29.037502382, 27.2937205984, 26.3003499526, 24.7365790778, 29.8950316179, 27.2283356191, 26.9839509988, 26.6279043918, 24.2091868803, 25.671760295, 24.7030494961, 27.0775875218, 25.9312023029, 26.5520869262, 27.1972225131},
        {23.7278446221, 25.3101065807, 25.3857696793, 21.5863635888, 22.9825089697, 23.8850393605, 24.9420259332, 24.8650052392, 23.4061160009, 20.6835437222, 25.2358054112, 31.2606607057, 26.7198066403, 24.2225585369, 24.834211349, 21.8383097204, 22.6873262961, 24.1772288087, 21.7665994945, 23.2616563528, 22.8317189835, 24.1492576983, 24.4827521159, 26.9846509375, 25.0077937085, 22.727285924, 23.3178716321, 24.9220259255, 26.6667444158, 24.3386613525, 20.6669240728, 25.3647528839, 23.7039946816, 22.499055443, 22.5915142357, 24.6989828765, 24.3227980071, 22.6030917434, 23.8636725306, 24.5412510644, 23.316992282, 21.5747841041, 21.7830759742, 23.8369703717, 23.7822565536, 23.3985043636, 23.4812206221, 23.7942079292, 22.0821824673, 20.4518266585, 27.4164777005, 22.4281143657, 25.0886375898, 23.2551055993, 24.781501731, 23.6356661792, 23.6411967948, 26.2316313389, 23.4590923061, 23.4960668375, 23.7565306656, 23.2362974294, 22.0762945791, 24.0186639933, 24.92593728, 21.7641921682, 22.4360152285, 23.4877949058, 22.0721977792, 23.856804222, 25.7880937361, 25.4312782845, 26.4347664745, 22.2699027842, 21.934106787, 26.1545440463, 24.8120899663, 21.7337523919, 23.3855153585, 23.7646078831, 24.0023104335, 25.1419129054, 22.3322768019, 23.9743512728, 23.7112424389, 27.1998866808, 23.5219602328, 23.5722421075, 25.1412639413, 22.81911154, 22.2992380483, 21.3344312317, 25.980461557, 24.8885660792, 23.9872626956, 24.4528724183},
        {27.4879674201, 26.0516217102, 27.7224160619, 25.5131264665, 28.2541056148, 28.4588871025, 29.3833796974, 26.5335544659, 25.6110832495, 25.4037795979, 29.1453500094, 26.7198066403, 38.4368082086, 27.2478007875, 27.4825601767, 24.2707557654, 26.7713630727, 26.8533909884, 25.6139340208, 28.0657854264, 25.4669292231, 25.7965206667, 27.6855475946, 29.0422097753, 26.459980701, 25.8190348472, 24.7735343523, 27.3246401515, 31.1184201874, 28.906893281, 24.6068228155, 27.4944424868, 26.7090488485, 26.1540353613, 28.0116778528, 27.7643578502, 28.4967047945, 27.9946000861, 27.1509237369, 27.1303682854, 27.9066548643, 25.2637466666, 25.7649038385, 27.7818738303, 26.4839071487, 25.8816412384, 27.7433950884, 26.3951091816, 24.8724180963, 24.4504926121, 29.92817528, 26.4003716269, 28.0159676518, 26.9850537636, 27.5721455733, 27.1678240484, 28.2522644734, 30.1740515293, 26.8696931796, 28.0702631738, 27.6152534958, 27.0954508465, 27.104724789, 27.1527567515, 31.5358338399, 27.8421052231, 26.2482448113, 25.9484307481, 27.4917399896, 26.3100160943, 29.9183718806, 28.6183163455, 28.8218075507, 26.4740901557, 23.5284853925, 29.4513569208, 29.511909648, 22.7495887456, 27.4544448498, 25.9335485966, 24.8223683419, 28.6656583887, 25.3587373995, 26.8995933414, 26.6252242909, 30.2087156095, 27.482246041, 28.0112287514, 28.621721386, 27.1976053098, 23.808420686, 24.5191588608, 30.233201293, 27.7913451471, 26.650463854, 28.9915069384},
        {24.3606828024, 24.0324141426, 26.5456533469, 21.1366389233, 24.9465250647, 25.9891786184, 26.4276910285, 22.696617546, 23.3525152242, 21.2853702278, 26.893247894, 24.2225585369, 27.2478007875, 34.7689763477, 25.2408053568, 23.8602787796, 23.8831592476, 22.3357052369, 24.5721285995, 26.6006855843, 25.9282386851, 23.9119835468, 25.7578465556, 28.2785411185, 25.9050473443, 23.5885407907, 24.1783365985, 25.6201503034, 27.4858961531, 26.3500308873, 23.4729748587, 25.2695526395, 25.6500552975, 22.3904239794, 24.2271793064, 25.7710149334, 25.0524236954, 23.6897068795, 24.2845099955, 24.4426775024, 23.4585375661, 23.3371647166, 24.1791121026, 25.3371102037, 23.3781779636, 25.7333875275, 24.8161269738, 25.4060617319, 23.2133087815, 23.3013304658, 27.0437725709, 22.8591063817, 24.9871293436, 24.0274986403, 26.3564767418, 24.9142574775, 24.4424383258, 26.3616094308, 24.2679212175, 24.8350461751, 24.3001404171, 25.621912742, 23.8363757315, 23.3762544991, 27.1107843377, 23.203076296, 22.5405046812, 22.542287605, 22.2343284313, 25.0573086358, 26.861818711, 26.0741188873, 26.2362032323, 23.0391254594, 21.5644933515, 27.2944640529, 25.4361132052, 22.4531686699, 25.2915875759, 24.6876905353, 24.1121181811, 27.1558097558, 24.6346094866, 23.6929189121, 23.045848631, 29.4884918039, 22.7800082507, 24.9802188435, 25.4660725528, 24.2641939577, 22.8865844122, 24.0937633415, 25.786218006, 24.4553406627, 25.6084578011, 25.0389599211},
